0.000000000000000000e+00 2.164914093017578125e+02 1.618655548095703125e+02 5.462584686279296875e+01 0.000000000000000000e+00
1.000000000000000000e+00 1.736739044189453125e+02 1.410770416259765625e+02 3.259680938720703125e+01 0.000000000000000000e+00
2.000000000000000000e+00 1.519951629638671875e+02 1.299743804931640625e+02 2.202061080932617188e+01 1.728429488139227033e-04
3.000000000000000000e+00 1.365633697509765625e+02 1.215683364868164062e+02 1.499174594879150391e+01 3.255484625697135925e-03
4.000000000000000000e+00 1.259063415527343750e+02 1.150863189697265625e+02 1.081236171722412109e+01 7.648776285350322723e-03
5.000000000000000000e+00 1.183988189697265625e+02 1.101840438842773438e+02 8.203028678894042969e+00 1.175147481262683868e-02
6.000000000000000000e+00 1.122219924926757812e+02 1.058308944702148438e+02 6.355722904205322266e+00 3.537813946604728699e-02
7.000000000000000000e+00 1.074501495361328125e+02 1.023507995605468750e+02 5.061915874481201172e+00 3.743677586317062378e-02
8.000000000000000000e+00 1.033635940551757812e+02 9.922440338134765625e+01 4.102670669555664062e+00 3.656148910522460938e-02
9.000000000000000000e+00 9.932618713378906250e+01 9.599524688720703125e+01 3.297732591629028320e+00 3.317730501294136047e-02
1.000000000000000000e+01 9.668475341796875000e+01 9.369851684570312500e+01 2.950956583023071289e+00 3.527162224054336548e-02
1.100000000000000000e+01 9.373554229736328125e+01 9.127574157714843750e+01 2.443837881088256836e+00 1.599446684122085571e-02
1.200000000000000000e+01 9.112361907958984375e+01 8.897342681884765625e+01 2.112065553665161133e+00 3.811987861990928650e-02
1.300000000000000000e+01 8.901803588867187500e+01 8.703403472900390625e+01 1.931142210960388184e+00 5.283391848206520081e-02
1.400000000000000000e+01 8.661691284179687500e+01 8.491748046875000000e+01 1.653423428535461426e+00 4.604135081171989441e-02
1.500000000000000000e+01 8.481394195556640625e+01 8.329388427734375000e+01 1.480513334274291992e+00 3.953830897808074951e-02
1.600000000000000000e+01 8.266595458984375000e+01 8.137871551513671875e+01 1.257442593574523926e+00 2.981304191052913666e-02
1.700000000000000000e+01 8.068076324462890625e+01 7.953697204589843750e+01 1.109005331993103027e+00 3.476645052433013916e-02
1.800000000000000000e+01 7.904958343505859375e+01 7.796432495117187500e+01 1.031713843345642090e+00 5.357086658477783203e-02
1.900000000000000000e+01 7.716640472412109375e+01 7.624643707275390625e+01 8.888774514198303223e-01 3.109440580010414124e-02
2.000000000000000000e+01 7.587216949462890625e+01 7.481290435791015625e+01 9.776824712753295898e-01 8.151859790086746216e-02
2.100000000000000000e+01 7.417295074462890625e+01 7.328278350830078125e+01 8.146802783012390137e-01 7.552239298820495605e-02
2.200000000000000000e+01 7.263694000244140625e+01 7.172521972656250000e+01 8.082355856895446777e-01 1.035063862800598145e-01
2.300000000000000000e+01 7.123650360107421875e+01 7.035226440429687500e+01 7.491506338119506836e-01 1.350934654474258423e-01
2.400000000000000000e+01 6.974162292480468750e+01 6.893737792968750000e+01 6.637851595878601074e-01 1.404632478952407837e-01
2.500000000000000000e+01 6.837893676757812500e+01 6.756039428710937500e+01 6.193018555641174316e-01 1.992633789777755737e-01
2.600000000000000000e+01 6.725912475585937500e+01 6.638049316406250000e+01 6.312781572341918945e-01 2.473298907279968262e-01
2.700000000000000000e+01 6.570587921142578125e+01 6.501483917236328125e+01 4.713111519813537598e-01 2.197178602218627930e-01
2.800000000000000000e+01 6.431311798095703125e+01 6.371011352539062500e+01 3.978239595890045166e-01 2.051634192466735840e-01
2.900000000000000000e+01 6.325896453857421875e+01 6.259605789184570312e+01 3.776270747184753418e-01 2.852725088596343994e-01
3.000000000000000000e+01 6.237399673461914062e+01 6.165885162353515625e+01 3.866047263145446777e-01 3.285308778285980225e-01
3.100000000000000000e+01 6.130522155761718750e+01 6.058858108520507812e+01 3.598265647888183594e-01 3.567864894866943359e-01
3.200000000000000000e+01 6.039493942260742188e+01 5.962729263305664062e+01 3.323970735073089600e-01 4.352587759494781494e-01
3.300000000000000000e+01 5.948222732543945312e+01 5.872351455688476562e+01 3.048388361930847168e-01 4.538927972316741943e-01
3.400000000000000000e+01 5.825772857666015625e+01 5.763257980346679688e+01 2.588778436183929443e-01 3.662745356559753418e-01
3.500000000000000000e+01 5.737094879150390625e+01 5.676048660278320312e+01 2.470772862434387207e-01 3.634156584739685059e-01
3.600000000000000000e+01 5.685574722290039062e+01 5.610144042968750000e+01 2.513632774353027344e-01 5.029339194297790527e-01
3.700000000000000000e+01 5.629401397705078125e+01 5.537015914916992188e+01 2.974516749382019043e-01 6.263802051544189453e-01
3.800000000000000000e+01 5.497485351562500000e+01 5.426003265380859375e+01 2.440511584281921387e-01 4.707854092121124268e-01
3.900000000000000000e+01 5.401364517211914062e+01 5.336748504638671875e+01 2.038298994302749634e-01 4.422849416732788086e-01
4.000000000000000000e+01 5.358593368530273438e+01 5.285358810424804688e+01 2.073652446269989014e-01 5.250079035758972168e-01
4.100000000000000000e+01 5.262995910644531250e+01 5.193010330200195312e+01 1.944671720266342163e-01 5.053736567497253418e-01
4.200000000000000000e+01 5.183483123779296875e+01 5.109698486328125000e+01 1.943691819906234741e-01 5.434865951538085938e-01
4.300000000000000000e+01 5.092538833618164062e+01 5.033962249755859375e+01 1.785126030445098877e-01 4.072112441062927246e-01
4.400000000000000000e+01 5.056953048706054688e+01 4.972741699218750000e+01 2.689591348171234131e-01 5.731382369995117188e-01
4.500000000000000000e+01 4.945909881591796875e+01 4.880724716186523438e+01 1.733482480049133301e-01 4.785099625587463379e-01
4.600000000000000000e+01 4.922353744506835938e+01 4.836512374877929688e+01 2.369842380285263062e-01 6.214443445205688477e-01
4.700000000000000000e+01 4.814510345458984375e+01 4.743511199951171875e+01 1.712076365947723389e-01 5.387945771217346191e-01
4.800000000000000000e+01 4.739968109130859375e+01 4.672393798828125000e+01 1.672235876321792603e-01 5.085461139678955078e-01
4.900000000000000000e+01 4.660502243041992188e+01 4.598657226562500000e+01 1.596176773309707642e-01 4.588611423969268799e-01
5.000000000000000000e+01 4.594301223754882812e+01 4.531227111816406250e+01 1.586970686912536621e-01 4.720369577407836914e-01
5.100000000000000000e+01 4.587434768676757812e+01 4.497092819213867188e+01 1.806116700172424316e-01 7.227946519851684570e-01
5.200000000000000000e+01 4.543615341186523438e+01 4.447927856445312500e+01 2.325693219900131226e-01 7.243165373802185059e-01
5.300000000000000000e+01 4.426852798461914062e+01 4.354495620727539062e+01 1.520192325115203857e-01 5.715331435203552246e-01
5.400000000000000000e+01 4.307324600219726562e+01 4.253664016723632812e+01 1.460077464580535889e-01 3.905888497829437256e-01
5.500000000000000000e+01 4.300954055786132812e+01 4.223254394531250000e+01 1.548587679862976074e-01 6.221602559089660645e-01
5.600000000000000000e+01 4.243034744262695312e+01 4.168772125244140625e+01 1.479060947895050049e-01 5.947083234786987305e-01
5.700000000000000000e+01 4.201797866821289062e+01 4.118145370483398438e+01 1.519192457199096680e-01 6.846002340316772461e-01
5.800000000000000000e+01 4.129484176635742188e+01 4.048832702636718750e+01 1.839683502912521362e-01 6.225534081459045410e-01
5.900000000000000000e+01 4.039074325561523438e+01 3.968786621093750000e+01 1.390079706907272339e-01 5.638585686683654785e-01
6.000000000000000000e+01 3.997881317138671875e+01 3.915545272827148438e+01 1.724353283643722534e-01 6.509468555450439453e-01
6.100000000000000000e+01 3.953826141357421875e+01 3.876591491699218750e+01 1.414679288864135742e-01 6.308850049972534180e-01
6.200000000000000000e+01 3.840380096435546875e+01 3.780410766601562500e+01 1.366199553012847900e-01 4.630561172962188721e-01
6.300000000000000000e+01 3.849417114257812500e+01 3.754847335815429688e+01 1.924226433038711548e-01 7.532673478126525879e-01
6.400000000000000000e+01 3.768354797363281250e+01 3.695373916625976562e+01 1.327314376831054688e-01 5.970723628997802734e-01
6.500000000000000000e+01 3.699610519409179688e+01 3.631663131713867188e+01 1.311209499835968018e-01 5.483472347259521484e-01
6.600000000000000000e+01 3.595038223266601562e+01 3.539792633056640625e+01 1.334592252969741821e-01 4.190236628055572510e-01
6.700000000000000000e+01 3.622266387939453125e+01 3.543439865112304688e+01 1.353689879179000854e-01 6.529112458229064941e-01
6.800000000000000000e+01 3.511257934570312500e+01 3.453073501586914062e+01 1.270551979541778564e-01 4.548010826110839844e-01
6.900000000000000000e+01 3.480884933471679688e+01 3.406393432617187500e+01 1.284269392490386963e-01 6.164706349372863770e-01
7.000000000000000000e+01 3.439101791381835938e+01 3.361116790771484375e+01 1.329644918441772461e-01 6.469122767448425293e-01
7.100000000000000000e+01 3.379188156127929688e+01 3.302429962158203125e+01 1.308049112558364868e-01 6.367725729942321777e-01
7.200000000000000000e+01 3.313858795166015625e+01 3.248208236694335938e+01 1.252827495336532593e-01 5.312181711196899414e-01
7.300000000000000000e+01 3.266660690307617188e+01 3.203227233886718750e+01 1.248897463083267212e-01 5.094413161277770996e-01
7.400000000000000000e+01 3.259054565429687500e+01 3.176188659667968750e+01 1.257955580949783325e-01 7.028656005859375000e-01
7.500000000000000000e+01 3.200597000122070312e+01 3.126990699768066406e+01 1.364012509584426880e-01 5.996703505516052246e-01
7.600000000000000000e+01 3.140487480163574219e+01 3.073126029968261719e+01 1.252318173646926880e-01 5.483848452568054199e-01
7.700000000000000000e+01 3.102211380004882812e+01 3.023189353942871094e+01 1.225676834583282471e-01 6.676624417304992676e-01
7.800000000000000000e+01 3.027016448974609375e+01 2.962287139892578125e+01 1.203863918781280518e-01 5.269066691398620605e-01
7.900000000000000000e+01 3.022564888000488281e+01 2.941736793518066406e+01 1.223354041576385498e-01 6.859306097030639648e-01
8.000000000000000000e+01 2.933739662170410156e+01 2.868645668029785156e+01 1.596822738647460938e-01 4.912564456462860107e-01
8.100000000000000000e+01 2.906939506530761719e+01 2.835074043273925781e+01 1.206285506486892700e-01 5.980345606803894043e-01
8.200000000000000000e+01 2.869845390319824219e+01 2.800741195678710938e+01 1.189140379428863525e-01 5.721358060836791992e-01
8.300000000000000000e+01 2.793898773193359375e+01 2.733444595336914062e+01 1.199019178748130798e-01 4.846246838569641113e-01
8.400000000000000000e+01 2.745974922180175781e+01 2.687763977050781250e+01 1.199199557304382324e-01 4.621796905994415283e-01
8.500000000000000000e+01 2.733206176757812500e+01 2.664630126953125000e+01 1.278477162122726440e-01 5.579060316085815430e-01
8.600000000000000000e+01 2.734131622314453125e+01 2.640306282043457031e+01 1.979351341724395752e-01 7.403193712234497070e-01
8.700000000000000000e+01 2.678209686279296875e+01 2.600532722473144531e+01 1.190505847334861755e-01 6.577181816101074219e-01
8.800000000000000000e+01 2.647064781188964844e+01 2.579805946350097656e+01 1.219478622078895569e-01 5.506407618522644043e-01
8.900000000000000000e+01 2.571524810791015625e+01 2.508373069763183594e+01 1.169103756546974182e-01 5.145884752273559570e-01
9.000000000000000000e+01 2.527861213684082031e+01 2.467229461669921875e+01 1.211815625429153442e-01 4.851415753364562988e-01
9.100000000000000000e+01 2.503210449218750000e+01 2.435474205017089844e+01 1.173095330595970154e-01 5.600535869598388672e-01
9.200000000000000000e+01 2.487598419189453125e+01 2.410145187377929688e+01 1.195646002888679504e-01 6.549628973007202148e-01
9.300000000000000000e+01 2.450692558288574219e+01 2.372086906433105469e+01 1.315449327230453491e-01 6.545132398605346680e-01
9.400000000000000000e+01 2.423302078247070312e+01 2.361805915832519531e+01 1.160523518919944763e-01 4.989126622676849365e-01
9.500000000000000000e+01 2.376561164855957031e+01 2.306834411621093750e+01 1.170964837074279785e-01 5.801600813865661621e-01
9.600000000000000000e+01 2.331215476989746094e+01 2.268279266357421875e+01 1.134480983018875122e-01 5.159034729003906250e-01
9.700000000000000000e+01 2.306449127197265625e+01 2.230907440185546875e+01 1.265242695808410645e-01 6.288967728614807129e-01
9.800000000000000000e+01 2.255615615844726562e+01 2.199510383605957031e+01 1.141891777515411377e-01 4.468714296817779541e-01
9.900000000000000000e+01 2.236143302917480469e+01 2.173860168457031250e+01 1.130300536751747131e-01 5.098073482513427734e-01
1.000000000000000000e+02 2.189930725097656250e+01 2.133726310729980469e+01 1.134920790791511536e-01 4.485508501529693604e-01
1.010000000000000000e+02 2.107097625732421875e+01 2.053697967529296875e+01 1.136548146605491638e-01 4.203333258628845215e-01
1.020000000000000000e+02 2.217250823974609375e+01 2.135998535156250000e+01 1.178003624081611633e-01 6.947308778762817383e-01
1.030000000000000000e+02 2.148683547973632812e+01 2.077368927001953125e+01 1.141950190067291260e-01 5.989546775817871094e-01
1.040000000000000000e+02 2.141576385498046875e+01 2.070354461669921875e+01 1.117019280791282654e-01 6.005252003669738770e-01
1.050000000000000000e+02 2.085618972778320312e+01 2.023907852172851562e+01 1.159724295139312744e-01 5.011393427848815918e-01
1.060000000000000000e+02 2.069557762145996094e+01 2.003805923461914062e+01 1.213767528533935547e-01 5.361501574516296387e-01
1.070000000000000000e+02 2.010719490051269531e+01 1.953750991821289062e+01 1.124744936823844910e-01 4.572147428989410400e-01
1.080000000000000000e+02 1.978871726989746094e+01 1.927667999267578125e+01 1.123511940240859985e-01 3.996757566928863525e-01
1.090000000000000000e+02 2.004354286193847656e+01 1.930335235595703125e+01 1.207987442612648010e-01 6.193997859954833984e-01
1.100000000000000000e+02 1.970296287536621094e+01 1.909877204895019531e+01 1.112186536192893982e-01 4.929782748222351074e-01
1.110000000000000000e+02 1.965693092346191406e+01 1.895244026184082031e+01 1.139142662286758423e-01 5.905811786651611328e-01
1.120000000000000000e+02 1.953271675109863281e+01 1.890703201293945312e+01 1.122880205512046814e-01 5.133967995643615723e-01
1.130000000000000000e+02 1.929180717468261719e+01 1.855739212036132812e+01 1.151843443512916565e-01 6.192231774330139160e-01
1.140000000000000000e+02 1.894038772583007812e+01 1.830852890014648438e+01 1.112389340996742249e-01 5.206213593482971191e-01
1.150000000000000000e+02 1.891079330444335938e+01 1.815307617187500000e+01 1.121441572904586792e-01 6.455741524696350098e-01
1.160000000000000000e+02 1.867691612243652344e+01 1.802830696105957031e+01 1.114833578467369080e-01 5.371240377426147461e-01
1.170000000000000000e+02 1.826004409790039062e+01 1.772981834411621094e+01 1.113041490316390991e-01 4.189210832118988037e-01
1.180000000000000000e+02 1.814629745483398438e+01 1.757516288757324219e+01 1.115257218480110168e-01 4.596103131771087646e-01
1.190000000000000000e+02 1.815165328979492188e+01 1.745908737182617188e+01 1.117518618702888489e-01 5.808139443397521973e-01
1.200000000000000000e+02 1.785908126831054688e+01 1.731609153747558594e+01 1.104570627212524414e-01 4.325287640094757080e-01
1.210000000000000000e+02 1.773751449584960938e+01 1.711280059814453125e+01 1.117734685540199280e-01 5.129388570785522461e-01
1.220000000000000000e+02 1.739018821716308594e+01 1.692165374755859375e+01 1.104366332292556763e-01 3.580805361270904541e-01
1.230000000000000000e+02 1.720080184936523438e+01 1.666550254821777344e+01 1.111588925123214722e-01 4.241314530372619629e-01
1.240000000000000000e+02 1.752206039428710938e+01 1.678930282592773438e+01 1.242449730634689331e-01 6.085073947906494141e-01
1.250000000000000000e+02 1.677977561950683594e+01 1.624823379516601562e+01 1.105395033955574036e-01 4.209929406642913818e-01
1.260000000000000000e+02 1.744075775146484375e+01 1.674229240417480469e+01 1.107068061828613281e-01 5.877614021301269531e-01
1.270000000000000000e+02 1.627166175842285156e+01 1.583374977111816406e+01 1.112205386161804199e-01 3.266880512237548828e-01
1.280000000000000000e+02 1.688831138610839844e+01 1.619822502136230469e+01 1.108828857541084290e-01 5.792049765586853027e-01
1.290000000000000000e+02 1.649889564514160156e+01 1.595728683471679688e+01 1.108366698026657104e-01 4.307801723480224609e-01
1.300000000000000000e+02 1.629502868652343750e+01 1.578095817565917969e+01 1.100375801324844360e-01 4.040285944938659668e-01
1.310000000000000000e+02 1.616924858093261719e+01 1.564278984069824219e+01 1.100232452154159546e-01 4.164344072341918945e-01
1.320000000000000000e+02 1.652589797973632812e+01 1.573492908477783203e+01 1.105137392878532410e-01 6.804590821266174316e-01
1.330000000000000000e+02 1.623899269104003906e+01 1.570619869232177734e+01 1.104013696312904358e-01 4.223937988281250000e-01
1.340000000000000000e+02 1.618527030944824219e+01 1.560970592498779297e+01 1.105925142765045166e-01 4.649674892425537109e-01
1.350000000000000000e+02 1.586898231506347656e+01 1.523384284973144531e+01 1.122362092137336731e-01 5.228995680809020996e-01
1.360000000000000000e+02 1.584694194793701172e+01 1.533467197418212891e+01 1.096196547150611877e-01 4.026495516300201416e-01
1.370000000000000000e+02 1.616073417663574219e+01 1.539172458648681641e+01 1.112581267952919006e-01 6.577521562576293945e-01
1.380000000000000000e+02 1.553416728973388672e+01 1.490051174163818359e+01 1.102831661701202393e-01 5.233727097511291504e-01
1.390000000000000000e+02 1.549357128143310547e+01 1.498495006561279297e+01 1.094743609428405762e-01 3.991436958312988281e-01
1.400000000000000000e+02 1.535230541229248047e+01 1.489251232147216797e+01 1.111866459250450134e-01 3.486019670963287354e-01
1.410000000000000000e+02 1.582193470001220703e+01 1.514599514007568359e+01 1.104286536574363708e-01 5.655124783515930176e-01
1.420000000000000000e+02 1.547578430175781250e+01 1.472670173645019531e+01 1.140322610735893250e-01 6.350585222244262695e-01
1.430000000000000000e+02 1.537842845916748047e+01 1.478923797607421875e+01 1.109287887811660767e-01 4.782644510269165039e-01
1.440000000000000000e+02 1.501913166046142578e+01 1.455722522735595703e+01 1.103113964200019836e-01 3.515868186950683594e-01
1.450000000000000000e+02 1.494784927368164062e+01 1.448559856414794922e+01 1.092694327235221863e-01 3.529881536960601807e-01
1.460000000000000000e+02 1.481002140045166016e+01 1.436931037902832031e+01 1.105433180928230286e-01 3.301659226417541504e-01
1.470000000000000000e+02 1.456158638000488281e+01 1.410620117187500000e+01 1.093668639659881592e-01 3.460227847099304199e-01
1.480000000000000000e+02 1.497433948516845703e+01 1.447816944122314453e+01 1.106827929615974426e-01 3.854827284812927246e-01
1.490000000000000000e+02 1.486771488189697266e+01 1.435450172424316406e+01 1.094772890210151672e-01 4.037385880947113037e-01
1.500000000000000000e+02 1.422395610809326172e+01 1.376970005035400391e+01 1.097570434212684631e-01 3.445003330707550049e-01
1.510000000000000000e+02 1.515730190277099609e+01 1.451717662811279297e+01 1.122600138187408447e-01 5.278678536415100098e-01
1.520000000000000000e+02 1.421511840820312500e+01 1.379757690429687500e+01 1.101308166980743408e-01 3.074091970920562744e-01
1.530000000000000000e+02 1.462077808380126953e+01 1.407080936431884766e+01 1.092852503061294556e-01 4.406841993331909180e-01
1.540000000000000000e+02 1.410346698760986328e+01 1.364501380920410156e+01 1.098381206393241882e-01 3.486225903034210205e-01
1.550000000000000000e+02 1.467016315460205078e+01 1.404325771331787109e+01 1.096364706754684448e-01 5.172764658927917480e-01
1.560000000000000000e+02 1.424214458465576172e+01 1.376500129699707031e+01 1.103714108467102051e-01 3.667659461498260498e-01
1.570000000000000000e+02 1.511124324798583984e+01 1.428586292266845703e+01 1.462212800979614258e-01 6.791522502899169922e-01
1.580000000000000000e+02 1.400741577148437500e+01 1.352880573272705078e+01 1.098657771944999695e-01 3.687475621700286865e-01
1.590000000000000000e+02 1.383542346954345703e+01 1.339998626708984375e+01 1.091602444648742676e-01 3.262836933135986328e-01
1.600000000000000000e+02 1.414395046234130859e+01 1.356271076202392578e+01 1.094977930188179016e-01 4.717429280281066895e-01
1.610000000000000000e+02 1.414369964599609375e+01 1.363217735290527344e+01 1.107075884938240051e-01 4.008112847805023193e-01
1.620000000000000000e+02 1.400398254394531250e+01 1.349154949188232422e+01 1.100877821445465088e-01 4.023452401161193848e-01
1.630000000000000000e+02 1.394883728027343750e+01 1.350693798065185547e+01 1.091589182615280151e-01 3.327373862266540527e-01
1.640000000000000000e+02 1.380018901824951172e+01 1.325562953948974609e+01 1.103965267539024353e-01 4.341592788696289062e-01
1.650000000000000000e+02 1.414355087280273438e+01 1.361223506927490234e+01 1.193715408444404602e-01 4.119486510753631592e-01
1.660000000000000000e+02 1.334600925445556641e+01 1.287186908721923828e+01 1.095088124275207520e-01 3.646301925182342529e-01
1.670000000000000000e+02 1.351267814636230469e+01 1.297966384887695312e+01 1.096070185303688049e-01 4.234054386615753174e-01
1.680000000000000000e+02 1.394290351867675781e+01 1.336677932739257812e+01 1.101556047797203064e-01 4.659682512283325195e-01
1.690000000000000000e+02 1.351462078094482422e+01 1.307534790039062500e+01 1.098181232810020447e-01 3.294593691825866699e-01
1.700000000000000000e+02 1.486334037780761719e+01 1.387263202667236328e+01 1.694984138011932373e-01 8.212060332298278809e-01
1.710000000000000000e+02 1.382407855987548828e+01 1.331408119201660156e+01 1.099440455436706543e-01 4.000516235828399658e-01
1.720000000000000000e+02 1.345621681213378906e+01 1.293677616119384766e+01 1.103075519204139709e-01 4.091336429119110107e-01
1.730000000000000000e+02 1.338670158386230469e+01 1.294559383392333984e+01 1.097915321588516235e-01 3.313145339488983154e-01
1.740000000000000000e+02 1.338220691680908203e+01 1.284866142272949219e+01 1.096405759453773499e-01 4.238972067832946777e-01
1.750000000000000000e+02 1.376763629913330078e+01 1.316001987457275391e+01 1.093257591128349304e-01 4.982852041721343994e-01
1.760000000000000000e+02 1.326109027862548828e+01 1.277318000793457031e+01 1.100477948784828186e-01 3.778597414493560791e-01
1.770000000000000000e+02 1.349728584289550781e+01 1.292596244812011719e+01 1.100026294589042664e-01 4.613134264945983887e-01
1.780000000000000000e+02 1.374542903900146484e+01 1.299483871459960938e+01 1.406546533107757568e-01 6.099299788475036621e-01
1.790000000000000000e+02 1.297008609771728516e+01 1.253111839294433594e+01 1.098277121782302856e-01 3.291324079036712646e-01
1.800000000000000000e+02 1.333302593231201172e+01 1.289046764373779297e+01 1.097173914313316345e-01 3.328393697738647461e-01
1.810000000000000000e+02 1.316688251495361328e+01 1.270376777648925781e+01 1.097427010536193848e-01 3.533634543418884277e-01
1.820000000000000000e+02 1.301400375366210938e+01 1.250090312957763672e+01 1.093989536166191101e-01 4.036997258663177490e-01
1.830000000000000000e+02 1.308301734924316406e+01 1.259966278076171875e+01 1.104722768068313599e-01 3.728795051574707031e-01
1.840000000000000000e+02 1.363006591796875000e+01 1.313631057739257812e+01 1.093302741646766663e-01 3.844325840473175049e-01
1.850000000000000000e+02 1.311638545989990234e+01 1.265281486511230469e+01 1.104095056653022766e-01 3.531647920608520508e-01
1.860000000000000000e+02 1.311104583740234375e+01 1.246954154968261719e+01 1.685272157192230225e-01 4.729796350002288818e-01
1.870000000000000000e+02 1.312079906463623047e+01 1.257303905487060547e+01 1.099978685379028320e-01 4.377641081809997559e-01
1.880000000000000000e+02 1.311755275726318359e+01 1.261494731903076172e+01 1.101328879594802856e-01 3.924764394760131836e-01
1.890000000000000000e+02 1.317549705505371094e+01 1.266502094268798828e+01 1.101041510701179504e-01 4.003668725490570068e-01
1.900000000000000000e+02 1.242996597290039062e+01 1.209899330139160156e+01 1.100329905748367310e-01 2.209368348121643066e-01
1.910000000000000000e+02 1.343874835968017578e+01 1.283451652526855469e+01 1.141021624207496643e-01 4.901273548603057861e-01
1.920000000000000000e+02 1.266354179382324219e+01 1.222066307067871094e+01 1.105573847889900208e-01 3.323160707950592041e-01
1.930000000000000000e+02 1.246751213073730469e+01 1.200072479248046875e+01 1.095514521002769470e-01 3.572377860546112061e-01
1.940000000000000000e+02 1.302584075927734375e+01 1.231476402282714844e+01 1.428482830524444580e-01 5.682219862937927246e-01
1.950000000000000000e+02 1.266571044921875000e+01 1.221774959564208984e+01 1.090988218784332275e-01 3.388671875000000000e-01
1.960000000000000000e+02 1.325344848632812500e+01 1.269075870513916016e+01 1.100475564599037170e-01 4.526497125625610352e-01
1.970000000000000000e+02 1.294136810302734375e+01 1.253328323364257812e+01 1.096205487847328186e-01 2.984627783298492432e-01
1.980000000000000000e+02 1.255894470214843750e+01 1.203211593627929688e+01 1.097324416041374207e-01 4.171017706394195557e-01
1.990000000000000000e+02 1.259235286712646484e+01 1.210527133941650391e+01 1.098237410187721252e-01 3.772597908973693848e-01
2.000000000000000000e+02 1.281683635711669922e+01 1.231393146514892578e+01 1.106736809015274048e-01 3.922218382358551025e-01
2.010000000000000000e+02 1.214138603210449219e+01 1.170218658447265625e+01 1.094672530889511108e-01 3.297315239906311035e-01
2.020000000000000000e+02 1.252663993835449219e+01 1.205088520050048828e+01 1.096029356122016907e-01 3.661425113677978516e-01
2.030000000000000000e+02 1.236169528961181641e+01 1.196222972869873047e+01 1.138254776597023010e-01 2.856389284133911133e-01
2.040000000000000000e+02 1.227695083618164062e+01 1.189401626586914062e+01 1.091901510953903198e-01 2.737477719783782959e-01
2.050000000000000000e+02 1.285400676727294922e+01 1.218987274169921875e+01 1.099450811743736267e-01 5.541903376579284668e-01
2.060000000000000000e+02 1.229402542114257812e+01 1.184540271759033203e+01 1.098638027906417847e-01 3.387615680694580078e-01
2.070000000000000000e+02 1.246975135803222656e+01 1.193285560607910156e+01 1.090098768472671509e-01 4.278829097747802734e-01
2.080000000000000000e+02 1.210935783386230469e+01 1.162444114685058594e+01 1.101958677172660828e-01 3.747278153896331787e-01
2.090000000000000000e+02 1.214280700683593750e+01 1.166194057464599609e+01 1.093589067459106445e-01 3.715095818042755127e-01
2.100000000000000000e+02 1.219480228424072266e+01 1.173808383941650391e+01 1.101052686572074890e-01 3.466140031814575195e-01
2.110000000000000000e+02 1.232410812377929688e+01 1.186234760284423828e+01 1.099025309085845947e-01 3.518566191196441650e-01
2.120000000000000000e+02 1.216164588928222656e+01 1.177390384674072266e+01 1.096098795533180237e-01 2.781422138214111328e-01
2.130000000000000000e+02 1.295069217681884766e+01 1.231468391418457031e+01 1.098453477025032043e-01 5.261656045913696289e-01
2.140000000000000000e+02 1.249561882019042969e+01 1.200643634796142578e+01 1.095435246825218201e-01 3.796361684799194336e-01
2.150000000000000000e+02 1.274049091339111328e+01 1.212312507629394531e+01 1.101837828755378723e-01 5.071866512298583984e-01
2.160000000000000000e+02 1.228478145599365234e+01 1.175918197631835938e+01 1.090241000056266785e-01 4.165693521499633789e-01
2.170000000000000000e+02 1.183778381347656250e+01 1.145621395111083984e+01 1.101986914873123169e-01 2.713664770126342773e-01
2.180000000000000000e+02 1.206158161163330078e+01 1.158622360229492188e+01 1.094305291771888733e-01 3.659300208091735840e-01
2.190000000000000000e+02 1.159293460845947266e+01 1.127997875213623047e+01 1.102825403213500977e-01 2.026728093624114990e-01
2.200000000000000000e+02 1.247859668731689453e+01 1.187370014190673828e+01 1.098856106400489807e-01 4.950118660926818848e-01
2.210000000000000000e+02 1.193103694915771484e+01 1.156359863281250000e+01 1.089603602886199951e-01 2.584795355796813965e-01
2.220000000000000000e+02 1.281619644165039062e+01 1.219628810882568359e+01 1.092547029256820679e-01 5.106632709503173828e-01
2.230000000000000000e+02 1.166470718383789062e+01 1.135264873504638672e+01 1.098928675055503845e-01 2.021640837192535400e-01
2.240000000000000000e+02 1.212704563140869141e+01 1.167585372924804688e+01 1.092985048890113831e-01 3.418953418731689453e-01
2.250000000000000000e+02 1.263001537322998047e+01 1.215596866607666016e+01 1.097175255417823792e-01 3.643218874931335449e-01
2.260000000000000000e+02 1.194717788696289062e+01 1.149822998046875000e+01 1.096526607871055603e-01 3.392922580242156982e-01
2.270000000000000000e+02 1.180858325958251953e+01 1.137646770477294922e+01 1.098339706659317017e-01 3.222844600677490234e-01
2.280000000000000000e+02 1.222815990447998047e+01 1.170433044433593750e+01 1.095480844378471375e-01 4.142774045467376709e-01
2.290000000000000000e+02 1.159921455383300781e+01 1.128146457672119141e+01 1.092267259955406189e-01 2.085245549678802490e-01
2.300000000000000000e+02 1.192057895660400391e+01 1.146668720245361328e+01 1.096079349517822266e-01 3.442769944667816162e-01
2.310000000000000000e+02 1.182118892669677734e+01 1.134074974060058594e+01 1.100013554096221924e-01 3.704405128955841064e-01
2.320000000000000000e+02 1.202275180816650391e+01 1.152365016937255859e+01 1.101135984063148499e-01 3.889941573143005371e-01
2.330000000000000000e+02 1.189276123046875000e+01 1.132108020782470703e+01 1.099671646952629089e-01 4.617162942886352539e-01
2.340000000000000000e+02 1.210899734497070312e+01 1.154722690582275391e+01 1.089145019650459290e-01 4.528619945049285889e-01
2.350000000000000000e+02 1.208166503906250000e+01 1.164493560791015625e+01 1.098748520016670227e-01 3.268572688102722168e-01
2.360000000000000000e+02 1.167887878417968750e+01 1.125008392333984375e+01 1.103029027581214905e-01 3.184973895549774170e-01
2.370000000000000000e+02 1.204959487915039062e+01 1.157991313934326172e+01 1.093991845846176147e-01 3.602825105190277100e-01
2.380000000000000000e+02 1.145702075958251953e+01 1.108391189575195312e+01 1.103615835309028625e-01 2.627469897270202637e-01
2.390000000000000000e+02 1.197178745269775391e+01 1.146367740631103516e+01 1.092431545257568359e-01 3.988652229309082031e-01
2.400000000000000000e+02 1.188014411926269531e+01 1.144949531555175781e+01 1.097293421626091003e-01 3.209196925163269043e-01
2.410000000000000000e+02 1.143061733245849609e+01 1.111780929565429688e+01 1.094706654548645020e-01 2.033363878726959229e-01
2.420000000000000000e+02 1.165888118743896484e+01 1.115902519226074219e+01 1.101488471031188965e-01 3.897038698196411133e-01
2.430000000000000000e+02 1.190506935119628906e+01 1.146715068817138672e+01 1.093321889638900757e-01 3.285838663578033447e-01
2.440000000000000000e+02 1.149171543121337891e+01 1.108605289459228516e+01 1.096469014883041382e-01 2.960185110569000244e-01
2.450000000000000000e+02 1.214248371124267578e+01 1.155331420898437500e+01 1.107481643557548523e-01 4.784176647663116455e-01
2.460000000000000000e+02 1.243626594543457031e+01 1.185774993896484375e+01 1.209507435560226440e-01 4.575573801994323730e-01
2.470000000000000000e+02 1.193048381805419922e+01 1.140690994262695312e+01 1.147816851735115051e-01 4.087972640991210938e-01
2.480000000000000000e+02 1.149454498291015625e+01 1.108295536041259766e+01 1.097115352749824524e-01 3.018738031387329102e-01
2.490000000000000000e+02 1.205178737640380859e+01 1.146985912322998047e+01 1.106926947832107544e-01 4.712365865707397461e-01
2.500000000000000000e+02 1.128555297851562500e+01 1.090791511535644531e+01 1.094602942466735840e-01 2.681740224361419678e-01
2.510000000000000000e+02 1.153031253814697266e+01 1.112749767303466797e+01 1.096006706357002258e-01 2.932173609733581543e-01
