0 0.064417 0.5 0.042944 0.666667
0 0.073772 0.5 0.053915 0.333333
1 0.066352 0.5 0.039074 0.333333
0 0.091178 0.5 0.042941 0.666667
1 0.077798 0.5 0.016181 0.666667
1 0.085218 0.5 0.031022 0.333333
0 0.144678 0.875 0.042941 0.25
1 0.152022 0.791667 0.028252 0.083333
0 0.152689 0.5 0.029585 0.666667
0 0.261606 0.25 0.108722 0.5
0 0.392396 0.5 0.010859 0.333333
0 0.426824 0.5 0.015322 0.333333
0 0.513083 0.958333 0.0539 0.083333
0 0.517606 0.5 0.009967 0.333333
0 0.552813 0.5 0.058715 0.666667
0 0.609454 0.208333 0.010033 0.416667
0 0.615569 0.958333 0.009078 0.083333
0 0.678313 0.25 0.015322 0.333333
0 0.746609 0.5 0.010515 0.666667
2 0.822846 0.5 0.029293 0.016667
0 0.860813 0.5 0.0425 0.666667
0 0.894091 0.5 0.022522 0.666667
0 0.925752 0.5 0.017837 0.666667
0 0.951965 0.5 0.012722 0.666667
0 0.994928 0.708333 0.010144 0.583333
