0 0.095281 0.5 0.163841 0.8
1 0.170228 0.5 0.013947 0.8
0 0.188246 0.5 0.049983 0.8
2 0.256411 0.5 0.005653 0.04
0 0.289905 0.5 0.0224 0.8
0 0.328781 0.05 0.010871 0.1
0 0.360341 0.5 0.053903 0.8
0 0.440479 0.85 0.111334 0.3
1 0.386052 0.8 0.00248 0.2
0 0.476231 0.5 0.042836 0.8
1 0.475479 0.8 0.041332 0.2
0 0.51092 0.5 0.013529 0.8
2 0.549778 0.7 0.010018 0.04
0 0.597041 0.5 0.053912 0.8
0 0.615334 0.5 0.051654 0.8
1 0.606752 0.5 0.034489 0.8
0 0.628792 0.05 0.053894 0.1
2 0.754082 0.5 0.157433 0.04
0 0.833705 0.15 0.053903 0.3
0 0.835043 0.85 0.051636 0.3
0 0.935884 0.5 0.083023 0.8
0 0.980569 0.05 0.038863 0.1
2 0.998067 0.5 0.003867 0.04
