0 0.100172 0.5 0.077524 0.16
2 0.211756 0.5 0.059513 0.008
0 0.31428 0.03 0.0091 0.06
0 0.347362 0.5 0.0191 0.64
0 0.428442 0.5 0.017125 0.64
0 0.545382 0.5 0.025826 0.32
2 0.636052 0.5 0.048843 0.008
0 0.644061 0.5 0.05555 0.64
1 0.63838 0.5 0.044187 0.008
0 0.647708 0.5 0.051632 0.16
1 0.641182 0.5 0.038581 0.008
1 0.646864 0.5 0.049945 0.16
0 0.687187 0.95 0.077531 0.1
0 0.71519 0.5 0.019099 0.64
0 0.72268 0.5 0.010032 0.32
1 0.721202 0.5 0.007076 0.32
0 0.734059 0.5 0.010215 0.64
0 0.758684 0.54 0.025828 0.32
0 0.849414 0.5 0.010032 0.32
0 0.868177 0.5 0.010032 0.32
0 0.906042 0.5 0.015312 0.16
0 0.955644 0.29 0.010215 0.58
0 0.998047 0.5 0.003906 0.64
