0 0.040129 0.5 0.053912 0.8
2 0.081907 0.5 0.010018 0.04
0 0.148846 0.95 0.050703 0.1
0 0.148766 0.5 0.042863 0.8
0 0.25874 0.65 0.123432 0.7
0 0.352368 0.5 0.051645 0.8
0 0.527956 0.5 0.214429 0.8
1 0.489724 0.5 0.012631 0.8
0 0.489724 0.5 0.012631 0.8
1 0.551505 0.4 0.053917 0.6
0 0.551507 0.35 0.05392 0.7
1 0.594624 0.5 0.009949 0.8
0 0.594628 0.5 0.009956 0.8
0 0.701028 0.85 0.123432 0.3
2 0.710304 0.1 0.081432 0.04
2 0.758749 0.5 0.074196 0.08
1 0.752233 0.85 0.021022 0.3
0 0.76314 0.85 0.042836 0.3
0 0.838807 0.5 0.0224 0.8
0 0.872888 0.5 0.025991 0.8
0 0.896604 0.05 0.053903 0.1
0 0.898288 0.5 0.01176 0.8
0 0.910906 0.5 0.009956 0.8
0 0.947066 0.5 0.053903 0.8
0 0.994467 0.95 0.011067 0.1
0 0.9966 0.5 0.0068 0.8
