0 0.005837 0.3 0.010711 0.32
0 0.035735 0.5 0.011118 0.64
0 0.085118 0.5 0.042944 0.32
0 0.133239 0.5 0.035723 0.16
0 0.191943 0.5 0.01003 0.32
1 0.196319 0.5 0.001278 0.008
2 0.318769 0.5 0.246178 0.008
0 0.234 0.17 0.025138 0.34
0 0.353822 0.18 0.050706 0.16
1 0.430572 0.5 0.022523 0.008
0 0.430572 0.5 0.022523 0.32
0 0.490418 0.5 0.042944 0.32
0 0.532869 0.3 0.01003 0.32
0 0.543583 0.38 0.010512 0.32
1 0.54593 0.38 0.005819 0.32
0 0.661727 0.5 0.237413 0.64
0 0.664549 0.5 0.047364 0.64
1 0.664549 0.5 0.047364 0.64
0 0.800493 0.5 0.010213 0.64
2 0.901322 0.94 0.197356 0.008
0 0.848614 0.5 0.010032 0.32
0 0.870946 0.5 0.011118 0.64
0 0.886692 0.58 0.009861 0.64
0 0.934003 0.5 0.009829 0.32
0 0.979115 0.5 0.041771 0.64
