0 0.061953 0.972222 0.053911 0.055556
0 0.067563 0.5 0.029585 0.888889
1 0.076072 0.5 0.012568 0.444444
0 0.096736 0.5 0.053897 0.444444
2 0.202971 0.5 0.0844 0.022222
0 0.254582 0.194444 0.042938 0.388889
2 0.274994 0.5 0.009215 0.022222
0 0.301653 0.5 0.009832 0.888889
0 0.320562 0.5 0.013526 0.444444
0 0.343318 0.5 0.022524 0.888889
0 0.368276 0.5 0.016282 0.888889
0 0.425244 0.5 0.053902 0.444444
0 0.461239 0.5 0.013526 0.444444
0 0.543222 0.5 0.123428 0.444444
0 0.533706 0.083333 0.053897 0.166667
0 0.633778 0.5 0.053902 0.444444
0 0.696996 0.5 0.012721 0.888889
0 0.853063 0.5 0.293873 0.888889
0 0.887476 0.5 0.083023 0.444444
1 0.887476 0.5 0.083023 0.444444
1 0.904693 0.5 0.053902 0.444444
1 0.903363 0.5 0.051241 0.444444
0 0.904693 0.5 0.053902 0.444444
0 0.948634 0.972222 0.05165 0.055556
