0 0.014861 0.5 0.022522 0.666667
2 0.080435 0.5 0.103515 0.016667
0 0.191935 0.5 0.010219 1.0
2 0.203822 0.5 0.013748 0.033333
1 0.196996 0.5 9.6e-05 0.033333
2 0.300565 0.833333 0.074196 0.033333
0 0.299681 0.5 0.022407 0.333333
2 0.339622 0.25 0.005681 0.016667
0 0.414363 0.083333 0.145978 0.166667
2 0.359202 0.5 0.017426 0.016667
0 0.441867 0.5 0.05163 0.333333
0 0.525872 0.5 0.053907 0.333333
2 0.544644 0.008333 0.042193 0.016667
0 0.595144 0.5 0.051637 0.333333
1 0.618441 0.5 0.005044 0.333333
0 0.642869 0.5 0.0539 0.333333
1 0.666706 0.416667 0.006226 0.166667
0 0.669954 0.25 0.012722 0.5
2 0.742328 0.5 0.059515 0.016667
0 0.814172 0.5 0.017833 0.666667
0 0.819459 0.083333 0.00983 0.166667
2 0.857607 0.5 0.005681 0.016667
0 0.930683 0.5 0.138633 0.666667
1 0.990765 0.5 0.01847 0.333333
0 0.990765 0.5 0.01847 0.333333
