2 0.030967 0.5 0.013748 0.033333
0 0.053365 0.5 0.009967 0.333333
0 0.074763 0.5 0.012281 0.666667
2 0.149891 0.004167 0.103515 0.008333
0 0.146365 0.5 0.022404 0.333333
0 0.169615 0.916667 0.012719 0.166667
2 0.1921 0.5 0.042193 0.033333
0 0.209019 0.5 0.012726 0.666667
1 0.207926 0.5 0.010541 0.033333
0 0.277144 0.5 0.053896 0.333333
2 0.315722 0.416667 0.013748 0.033333
0 0.34877 0.5 0.010711 0.666667
0 0.412909 0.5 0.010033 0.666667
0 0.442578 0.5 0.042504 0.666667
0 0.469774 0.5 0.010037 0.666667
0 0.491274 0.5 0.029585 0.666667
0 0.538604 0.5 0.01263 0.333333
0 0.637046 0.5 0.207374 0.666667
1 0.539139 0.5 0.011559 0.333333
0 0.585659 0.958333 0.042704 0.083333
1 0.656422 0.583333 0.051637 0.333333
0 0.656422 0.583333 0.051637 0.333333
0 0.68395 0.916667 0.051648 0.166667
0 0.886459 0.5 0.207378 0.666667
1 0.954544 0.5 0.071206 0.033333
2 0.956039 0.5 0.074196 0.033333
