0 0.899041 0.499729 0.042700 0.290229
0 0.276948 0.500811 0.029586 0.288367
0 0.765358 0.500174 0.010215 0.605987
0 0.379709 0.501227 0.049979 0.131576
0 0.819654 0.498773 0.010864 0.127802
0 0.951055 0.499955 0.058715 0.290702
1 0.049880 0.500341 0.023468 0.050000
0 0.649251 0.499348 0.019099 0.607465
0 0.755288 0.501072 0.009947 0.123324
0 0.570581 0.502844 0.015314 0.134781
1 0.159543 0.500210 0.067851 0.050000
0 0.711244 0.502698 0.010215 0.605117
1 0.734338 0.499907 0.028732 0.050000
4 0.760256 0.501072 0.000011 0.123324
