0 0.600425 0.498840 0.055193 0.608194
0 0.935991 0.497789 0.012864 0.604478
2 0.664366 0.499970 0.059513 0.050000
0 0.199852 0.499860 0.012722 0.280324
0 0.715047 0.499984 0.053895 0.077616
0 0.048880 0.501242 0.010023 0.603051
0 0.527467 0.501205 0.051648 0.075176
1 0.305918 0.500102 0.017426 0.050000
0 0.840389 0.502789 0.051627 0.071970
3 0.368932 0.498866 0.010190 0.050000
1 0.663138 0.499911 0.029916 0.050000
0 0.909964 0.500467 0.017125 0.610298
4 0.691111 0.499970 0.006023 0.050000
4 0.663138 0.499922 0.029916 0.050000
