0 0.010326 0.5 0.012866 0.64
0 0.029147 0.5 0.016281 0.32
0 0.047156 0.5 0.009829 0.32
0 0.072031 0.5 0.010025 0.64
2 0.105079 0.5 0.01019 0.016
0 0.109687 0.82 0.010034 0.32
0 0.126069 0.5 0.009988 0.16
2 0.322031 0.5 0.359515 0.008
0 0.171798 0.78 0.010032 0.32
2 0.307557 0.54 0.019968 0.016
0 0.31283 0.79 0.00986 0.42
0 0.410917 0.23 0.100892 0.46
0 0.468094 0.82 0.01003 0.32
0 0.558541 0.15 0.025829 0.3
2 0.593889 0.5 0.046615 0.008
0 0.63438 0.31 0.011118 0.62
2 0.663437 0.5 0.009211 0.008
2 0.673342 0.22 0.01019 0.016
0 0.697853 0.5 0.025829 0.32
0 0.86122 0.5 0.277559 0.16
0 0.755125 0.78 0.051627 0.16
1 0.787296 0.5 0.05163 0.16
0 0.787296 0.5 0.05163 0.16
1 0.800652 0.5 0.024917 0.16
1 0.808227 0.5 0.040066 0.16
0 0.808227 0.5 0.040066 0.64
1 0.982419 0.5 0.035163 0.16
0 0.982419 0.5 0.035163 0.16
