0 0.037231 0.75 0.053912 0.5
2 0.104085 0.5 0.019974 0.08
0 0.284923 0.5 0.145984 0.8
1 0.355499 0.5 0.004823 0.8
0 0.37891 0.5 0.051645 0.8
0 0.429493 0.65 0.01 0.7
0 0.468884 0.5 0.011751 0.8
0 0.498667 0.5 0.022409 0.8
0 0.527231 0.5 0.011751 0.8
0 0.589027 0.5 0.051645 0.8
0 0.663144 0.75 0.051645 0.5
2 0.702988 0.1 0.0364 0.04
2 0.726411 0.7 0.019974 0.08
2 0.807172 0.5 0.103521 0.04
0 0.855856 0.05 0.053903 0.1
1 0.84555 0.5 0.026765 0.04
0 0.859123 0.5 0.053912 0.8
1 0.873987 0.5 0.024173 0.8
0 0.888857 0.5 0.053912 0.8
2 0.96888 0.5 0.025742 0.04
1 0.972106 0.49 0.019289 0.02
0 0.981231 0.25 0.037538 0.5
